10 0.20000 38112.00000
10 0.21000 38408.00000
10 0.21000 38600.00000
10 0.20000 38568.00000
10 0.21000 38520.00000
10 0.19000 38608.00000
10 0.19000 38460.00000
10 0.21000 38560.00000
10 0.20000 38396.00000
10 0.21000 38104.00000
10 0.20000 38464.00000
10 0.20000 38432.00000
10 0.24000 38432.00000
10 0.21000 38616.00000
10 0.19000 38396.00000
10 0.20000 38592.00000
10 0.20000 38508.00000
10 0.24000 38432.00000
20 0.21000 38104.00000
20 0.21000 38388.00000
20 0.21000 38540.00000
20 0.20000 38444.00000
20 0.20000 38516.00000
20 0.20000 38096.00000
20 0.26000 38048.00000
20 0.26000 38464.00000
20 0.20000 38500.00000
20 0.21000 38300.00000
20 0.20000 38452.00000
20 0.21000 38284.00000
20 0.20000 38640.00000
20 0.19000 38316.00000
20 0.21000 38284.00000
20 0.21000 38404.00000
20 0.21000 38432.00000
20 0.20000 38444.00000
30 0.21000 38364.00000
30 0.20000 38388.00000
30 0.21000 38508.00000
30 0.20000 38560.00000
30 0.20000 38516.00000
30 0.21000 38396.00000
30 0.19000 38168.00000
30 0.20000 38384.00000
30 0.20000 38448.00000
30 0.27000 38536.00000
30 0.27000 38576.00000
30 0.19000 38460.00000
30 0.24000 38344.00000
30 0.22000 38392.00000
30 0.22000 38512.00000
30 0.22000 38472.00000
30 0.23000 38096.00000
30 0.23000 38604.00000
40 0.22000 38456.00000
40 0.23000 38648.00000
40 0.22000 38524.00000
40 0.22000 38112.00000
40 0.22000 38104.00000
40 0.22000 38432.00000
40 0.21000 38088.00000
40 0.27000 38456.00000
40 0.21000 38124.00000
40 0.21000 38316.00000
40 0.20000 38608.00000
40 0.27000 38064.00000
40 0.22000 38424.00000
40 0.21000 38592.00000
40 0.22000 38480.00000
40 0.22000 38464.00000
40 0.20000 38312.00000
40 0.22000 38456.00000
50 0.20000 38380.00000
50 0.23000 38096.00000
50 0.21000 38428.00000
50 0.21000 38608.00000
50 0.21000 38428.00000
50 0.21000 38320.00000
50 0.20000 38516.00000
50 0.21000 38416.00000
50 0.20000 38292.00000
50 0.24000 38428.00000
50 0.21000 38460.00000
50 0.24000 38552.00000
50 0.20000 38508.00000
50 0.28000 38120.00000
50 0.28000 38404.00000
50 0.20000 38600.00000
50 0.21000 38108.00000
50 0.20000 38396.00000
60 0.22000 38280.00000
60 0.26000 38600.00000
60 0.23000 38264.00000
60 0.21000 38260.00000
60 0.22000 38280.00000
60 0.26000 38596.00000
60 0.20000 38460.00000
60 0.25000 38644.00000
60 0.21000 38212.00000
60 0.21000 38528.00000
60 0.21000 38616.00000
60 0.24000 38196.00000
60 0.24000 38528.00000
60 0.22000 38652.00000
60 0.20000 38580.00000
60 0.25000 38368.00000
60 0.24000 38528.00000
60 0.24000 38564.00000
70 0.24000 38796.00000
70 0.23000 38956.00000
70 0.25000 39008.00000
70 0.20000 38760.00000
70 0.21000 38668.00000
70 0.23000 38992.00000
70 0.25000 38868.00000
70 0.21000 38772.00000
70 0.22000 38852.00000
70 0.24000 38756.00000
70 0.21000 38748.00000
70 0.22000 38712.00000
70 0.24000 38652.00000
70 0.23000 38812.00000
70 0.24000 38664.00000
70 0.24000 38652.00000
70 0.25000 38880.00000
70 0.20000 38788.00000
80 0.23000 39028.00000
80 0.23000 38840.00000
80 0.22000 39248.00000
80 0.22000 39096.00000
80 0.25000 38972.00000
80 0.24000 38924.00000
80 0.24000 38980.00000
80 0.23000 39028.00000
80 0.23000 39280.00000
80 0.23000 38976.00000
80 0.23000 39048.00000
80 0.22000 38960.00000
80 0.22000 38784.00000
80 0.23000 38828.00000
80 0.31000 39044.00000
80 0.24000 39064.00000
80 0.30000 39088.00000
80 0.22000 38828.00000
90 0.25000 39508.00000
90 0.25000 39448.00000
90 0.22000 39128.00000
90 0.21000 39244.00000
90 0.24000 39488.00000
90 0.24000 39100.00000
90 0.22000 39476.00000
90 0.21000 39320.00000
90 0.25000 39284.00000
90 0.25000 39292.00000
90 0.23000 39348.00000
90 0.23000 39164.00000
90 0.30000 39380.00000
90 0.22000 39340.00000
90 0.23000 39196.00000
90 0.22000 39084.00000
90 0.23000 39256.00000
90 0.30000 38940.00000
100 0.25000 39592.00000
100 0.24000 39652.00000
100 0.22000 39308.00000
100 0.23000 39988.00000
100 0.25000 39724.00000
100 0.24000 39708.00000
100 0.25000 39736.00000
100 0.23000 39792.00000
100 0.24000 39644.00000
100 0.24000 39448.00000
100 0.24000 39780.00000
100 0.24000 39740.00000
100 0.25000 39932.00000
100 0.23000 39232.00000
100 0.25000 39504.00000
100 0.23000 39480.00000
100 0.24000 39224.00000
100 0.24000 39176.00000
110 0.26000 39848.00000
110 0.23000 40136.00000
110 0.26000 40232.00000
110 0.23000 39924.00000
110 0.24000 40200.00000
110 0.23000 39920.00000
110 0.24000 39860.00000
110 0.24000 40100.00000
110 0.25000 39988.00000
110 0.25000 39872.00000
110 0.24000 39872.00000
110 0.27000 39860.00000
110 0.23000 39768.00000
110 0.24000 39900.00000
110 0.25000 39572.00000
110 0.25000 40060.00000
110 0.24000 39836.00000
110 0.25000 39744.00000
120 0.26000 40536.00000
120 0.25000 40184.00000
120 0.26000 40080.00000
120 0.26000 40196.00000
120 0.26000 40036.00000
120 0.25000 40344.00000
120 0.23000 40704.00000
120 0.28000 40196.00000
120 0.28000 40396.00000
120 0.25000 40424.00000
120 0.28000 40424.00000
120 0.28000 40360.00000
120 0.28000 40560.00000
120 0.24000 40324.00000
120 0.27000 40556.00000
120 0.25000 40032.00000
120 0.24000 40500.00000
120 0.24000 40164.00000
130 0.28000 40820.00000
130 0.27000 40584.00000
130 0.27000 40940.00000
130 0.27000 40428.00000
130 0.27000 40920.00000
130 0.27000 40680.00000
130 0.26000 40916.00000
130 0.27000 40620.00000
130 0.26000 40636.00000
130 0.31000 40680.00000
130 0.26000 40944.00000
130 0.31000 40928.00000
130 0.29000 40936.00000
130 0.27000 40600.00000
130 0.29000 40556.00000
130 0.27000 40876.00000
130 0.25000 41116.00000
130 0.26000 40948.00000
140 0.27000 41152.00000
140 0.28000 41324.00000
140 0.27000 41220.00000
140 0.28000 41056.00000
140 0.28000 40956.00000
140 0.27000 41436.00000
140 0.30000 40956.00000
140 0.30000 41404.00000
140 0.26000 41536.00000
140 0.29000 40976.00000
140 0.26000 40996.00000
140 0.29000 41492.00000
140 0.31000 41440.00000
140 0.31000 41376.00000
140 0.27000 40888.00000
140 0.26000 41340.00000
140 0.29000 41360.00000
140 0.30000 41428.00000
150 0.30000 41536.00000
150 0.30000 41804.00000
150 0.29000 41744.00000
150 0.27000 41972.00000
150 0.29000 41504.00000
150 0.30000 41772.00000
150 0.30000 41796.00000
150 0.28000 41752.00000
150 0.28000 41768.00000
150 0.30000 42248.00000
150 0.28000 41744.00000
150 0.28000 41760.00000
150 0.27000 41664.00000
150 0.31000 41792.00000
150 0.29000 41728.00000
150 0.29000 41832.00000
150 0.30000 41988.00000
150 0.29000 41932.00000
160 0.32000 42104.00000
160 0.32000 42260.00000
160 0.32000 42384.00000
160 0.32000 42608.00000
160 0.31000 41984.00000
160 0.31000 42532.00000
160 0.31000 42584.00000
160 0.31000 42624.00000
160 0.31000 42528.00000
160 0.31000 42748.00000
160 0.31000 42384.00000
160 0.31000 42196.00000
160 0.32000 42360.00000
160 0.30000 42544.00000
160 0.31000 42560.00000
160 0.31000 42056.00000
160 0.31000 42244.00000
160 0.31000 41992.00000
170 0.33000 43204.00000
170 0.34000 43164.00000
170 0.32000 42840.00000
170 0.32000 42868.00000
170 0.33000 42824.00000
170 0.32000 43180.00000
170 0.33000 42936.00000
170 0.33000 42888.00000
170 0.33000 42980.00000
170 0.33000 43020.00000
170 0.32000 43088.00000
170 0.33000 42644.00000
170 0.35000 43148.00000
170 0.32000 42884.00000
170 0.35000 42884.00000
170 0.33000 42824.00000
170 0.36000 42648.00000
170 0.37000 43076.00000
180 0.36000 43452.00000
180 0.32000 43704.00000
180 0.36000 43684.00000
180 0.34000 43468.00000
180 0.33000 43480.00000
180 0.34000 43488.00000
180 0.35000 43492.00000
180 0.35000 43472.00000
180 0.36000 43460.00000
180 0.34000 43828.00000
180 0.36000 43464.00000
180 0.33000 43232.00000
180 0.34000 43220.00000
180 0.35000 43700.00000
180 0.34000 43456.00000
180 0.35000 43992.00000
180 0.35000 43648.00000
180 0.34000 43260.00000
190 0.35000 44020.00000
190 0.39000 43776.00000
190 0.35000 44076.00000
190 0.34000 44216.00000
190 0.35000 44376.00000
190 0.37000 44116.00000
190 0.40000 44380.00000
190 0.36000 44244.00000
190 0.38000 44276.00000
190 0.36000 44324.00000
190 0.36000 43776.00000
190 0.36000 44100.00000
190 0.33000 43984.00000
190 0.35000 44480.00000
190 0.36000 44064.00000
190 0.37000 44064.00000
190 0.36000 44064.00000
190 0.36000 44576.00000
200 0.36000 44720.00000
200 0.37000 44892.00000
200 0.37000 44548.00000
200 0.37000 44972.00000
200 0.38000 44964.00000
200 0.38000 44368.00000
200 0.39000 45164.00000
200 0.36000 44732.00000
200 0.38000 44784.00000
200 0.38000 44808.00000
200 0.38000 44900.00000
200 0.38000 45128.00000
200 0.39000 45136.00000
200 0.38000 44628.00000
200 0.36000 44700.00000
200 0.37000 45188.00000
200 0.38000 44392.00000
200 0.37000 44624.00000
210 0.37000 45424.00000
210 0.39000 45992.00000
210 0.38000 45900.00000
210 0.38000 45724.00000
210 0.39000 45472.00000
210 0.39000 45524.00000
210 0.40000 45468.00000
210 0.39000 45528.00000
210 0.39000 45900.00000
210 0.39000 45444.00000
210 0.39000 45648.00000
210 0.39000 45428.00000
210 0.39000 45680.00000
210 0.38000 45344.00000
210 0.38000 45608.00000
210 0.39000 45488.00000
210 0.38000 45668.00000
210 0.39000 45464.00000
220 0.44000 46572.00000
220 0.40000 46068.00000
220 0.45000 46512.00000
220 0.38000 45988.00000
220 0.41000 46072.00000
220 0.40000 46056.00000
220 0.41000 46260.00000
220 0.40000 46600.00000
220 0.41000 46580.00000
220 0.40000 46872.00000
220 0.40000 46276.00000
220 0.41000 46376.00000
220 0.40000 46352.00000
220 0.40000 46032.00000
220 0.42000 46384.00000
220 0.40000 46400.00000
220 0.40000 46212.00000
220 0.42000 45832.00000
230 0.43000 47184.00000
230 0.42000 47132.00000
230 0.42000 46888.00000
230 0.42000 46564.00000
230 0.42000 47172.00000
230 0.42000 47284.00000
230 0.45000 47092.00000
230 0.40000 46736.00000
230 0.44000 47052.00000
230 0.43000 46824.00000
230 0.43000 46896.00000
230 0.41000 46920.00000
230 0.44000 47064.00000
230 0.41000 47048.00000
230 0.45000 46792.00000
230 0.41000 47320.00000
230 0.41000 47112.00000
230 0.42000 46732.00000
240 0.45000 48048.00000
240 0.43000 47752.00000
240 0.45000 48056.00000
240 0.45000 47748.00000
240 0.44000 48040.00000
240 0.44000 48168.00000
240 0.44000 47604.00000
240 0.47000 47772.00000
240 0.43000 48052.00000
240 0.47000 47840.00000
240 0.44000 48368.00000
240 0.43000 47760.00000
240 0.45000 47696.00000
240 0.44000 47760.00000
240 0.45000 48068.00000
240 0.45000 48044.00000
240 0.44000 47748.00000
240 0.44000 48216.00000
250 0.47000 48576.00000
250 0.46000 48568.00000
250 0.46000 48680.00000
250 0.45000 48576.00000
250 0.46000 48308.00000
250 0.46000 48344.00000
250 0.48000 48456.00000
250 0.46000 48856.00000
250 0.48000 48864.00000
250 0.44000 48324.00000
250 0.44000 48412.00000
250 0.47000 48852.00000
250 0.44000 48860.00000
250 0.44000 48660.00000
250 0.48000 48800.00000
250 0.46000 49244.00000
250 0.46000 49260.00000
250 0.47000 48804.00000
260 0.49000 49484.00000
260 0.49000 49988.00000
260 0.48000 50036.00000
260 0.48000 49920.00000
260 0.48000 49692.00000
260 0.48000 49636.00000
260 0.47000 49948.00000
260 0.48000 49568.00000
260 0.52000 49408.00000
260 0.48000 49904.00000
260 0.47000 49260.00000
260 0.52000 49640.00000
260 0.51000 50172.00000
260 0.48000 49680.00000
260 0.49000 49604.00000
260 0.49000 49940.00000
260 0.50000 49636.00000
260 0.49000 49552.00000
270 0.53000 50796.00000
270 0.50000 51068.00000
270 0.52000 51228.00000
270 0.50000 50844.00000
270 0.50000 50512.00000
270 0.51000 51384.00000
270 0.50000 50392.00000
270 0.50000 50864.00000
270 0.50000 50576.00000
270 0.49000 50624.00000
270 0.52000 50864.00000
270 0.52000 50904.00000
270 0.51000 51184.00000
270 0.50000 50896.00000
270 0.51000 51148.00000
270 0.51000 51256.00000
270 0.51000 50588.00000
270 0.51000 50588.00000
280 0.51000 51804.00000
280 0.53000 51344.00000
280 0.55000 51716.00000
280 0.55000 52016.00000
280 0.53000 51364.00000
280 0.52000 51608.00000
280 0.57000 51792.00000
280 0.54000 51488.00000
280 0.52000 51712.00000
280 0.54000 51416.00000
280 0.53000 52180.00000
280 0.55000 51640.00000
280 0.54000 51648.00000
280 0.53000 51884.00000
280 0.51000 51708.00000
280 0.53000 51472.00000
280 0.53000 51872.00000
280 0.54000 51464.00000
290 0.59000 52372.00000
290 0.56000 53092.00000
290 0.57000 52792.00000
290 0.57000 53048.00000
290 0.56000 52544.00000
290 0.56000 52792.00000
290 0.56000 53320.00000
290 0.56000 52988.00000
290 0.56000 52848.00000
290 0.56000 52716.00000
290 0.60000 53324.00000
290 0.58000 52840.00000
290 0.55000 52720.00000
290 0.60000 53260.00000
290 0.58000 53116.00000
290 0.59000 52436.00000
290 0.56000 53332.00000
290 0.58000 52752.00000
300 0.60000 54184.00000
300 0.57000 54440.00000
300 0.68000 54360.00000
300 0.62000 53524.00000
300 0.68000 54104.00000
300 0.61000 54396.00000
300 0.57000 54048.00000
300 0.60000 53924.00000
300 0.58000 53956.00000
300 0.60000 53836.00000
300 0.61000 54220.00000
300 0.61000 53816.00000
300 0.60000 54016.00000
300 0.60000 53792.00000
300 0.60000 54460.00000
300 0.60000 53880.00000
300 0.60000 53596.00000
300 0.60000 54732.00000
310 0.71000 55280.00000
310 0.64000 55196.00000
310 0.69000 55544.00000
310 0.62000 55472.00000
310 0.63000 55804.00000
310 0.61000 55808.00000
310 0.61000 55220.00000
310 0.63000 55280.00000
310 0.61000 55236.00000
310 0.63000 55100.00000
310 0.62000 55364.00000
310 0.62000 55028.00000
310 0.62000 54420.00000
310 0.61000 55128.00000
310 0.62000 55092.00000
310 0.63000 55504.00000
310 0.62000 54556.00000
310 0.62000 55756.00000
320 0.64000 56668.00000
320 0.63000 56696.00000
320 0.67000 56680.00000
320 0.66000 56456.00000
320 0.73000 56048.00000
320 0.73000 56932.00000
320 0.64000 56448.00000
320 0.66000 56696.00000
320 0.65000 56180.00000
320 0.65000 56736.00000
320 0.65000 56984.00000
320 0.65000 56412.00000
320 0.65000 56904.00000
320 0.67000 56168.00000
320 0.66000 56376.00000
320 0.66000 56464.00000
320 0.65000 55868.00000
320 0.65000 56492.00000
330 0.68000 58196.00000
330 0.69000 58652.00000
330 0.68000 58040.00000
330 0.66000 58016.00000
330 0.67000 57492.00000
330 0.68000 57740.00000
330 0.68000 57780.00000
330 0.69000 57336.00000
330 0.67000 57752.00000
330 0.65000 57544.00000
330 0.66000 57080.00000
330 0.70000 56824.00000
330 0.65000 57492.00000
330 0.66000 58084.00000
330 0.67000 57784.00000
330 0.67000 57676.00000
330 0.67000 56956.00000
330 0.67000 57596.00000
340 0.71000 59712.00000
340 0.67000 58996.00000
340 0.71000 58444.00000
340 0.71000 58128.00000
340 0.70000 58592.00000
340 0.70000 59160.00000
340 0.69000 59552.00000
340 0.70000 58364.00000
340 0.74000 58876.00000
340 0.69000 58188.00000
340 0.69000 59336.00000
340 0.74000 59488.00000
340 0.72000 58784.00000
340 0.72000 59264.00000
340 0.71000 58728.00000
340 0.71000 59116.00000
340 0.72000 60044.00000
340 0.71000 58908.00000
350 0.73000 60232.00000
350 0.72000 60644.00000
350 0.74000 60556.00000
350 0.73000 60472.00000
350 0.74000 60552.00000
350 0.73000 60264.00000
350 0.75000 60288.00000
350 0.74000 60440.00000
350 0.72000 60644.00000
350 0.74000 60596.00000
350 0.74000 60028.00000
350 0.73000 60024.00000
350 0.74000 60680.00000
350 0.73000 60492.00000
350 0.74000 60492.00000
350 0.74000 60676.00000
350 0.73000 60176.00000
350 0.73000 59732.00000
360 0.74000 62364.00000
360 0.79000 62256.00000
360 0.75000 61276.00000
360 0.78000 62044.00000
360 0.77000 63312.00000
360 0.77000 62160.00000
360 0.77000 61772.00000
360 0.78000 61820.00000
360 0.78000 62604.00000
360 0.75000 61332.00000
360 0.78000 61208.00000
360 0.75000 61284.00000
360 0.74000 62368.00000
360 0.80000 62036.00000
360 0.82000 62100.00000
360 0.76000 61472.00000
360 0.78000 61944.00000
360 0.78000 62192.00000
370 0.80000 64256.00000
370 0.78000 63580.00000
370 0.82000 62684.00000
370 0.78000 63936.00000
370 0.80000 62400.00000
370 0.80000 62940.00000
370 0.81000 63832.00000
370 0.77000 63800.00000
370 0.81000 63652.00000
370 0.80000 63712.00000
370 0.79000 63352.00000
370 0.79000 62496.00000
370 0.79000 62204.00000
370 0.80000 62920.00000
370 0.80000 63696.00000
370 0.80000 63220.00000
370 0.79000 62600.00000
370 0.79000 63160.00000
380 0.82000 64616.00000
380 0.81000 64408.00000
380 0.85000 64212.00000
380 0.83000 64628.00000
380 0.83000 64388.00000
380 0.83000 65792.00000
380 0.84000 65060.00000
380 0.84000 65512.00000
380 0.84000 64212.00000
380 0.83000 66304.00000
380 0.83000 64756.00000
380 0.83000 64512.00000
380 0.83000 65532.00000
380 0.81000 65248.00000
380 0.81000 64368.00000
380 0.83000 65576.00000
380 0.85000 65072.00000
380 0.87000 64796.00000
390 0.85000 66384.00000
390 0.88000 66608.00000
390 0.88000 66968.00000
390 0.86000 66284.00000
390 0.86000 66696.00000
390 0.85000 66692.00000
390 0.87000 65892.00000
390 0.87000 67248.00000
390 0.85000 66636.00000
390 0.87000 66776.00000
390 0.86000 66900.00000
390 0.86000 66456.00000
390 0.87000 66184.00000
390 0.87000 66692.00000
390 0.87000 66972.00000
390 0.87000 67992.00000
390 0.87000 66360.00000
390 0.85000 66768.00000
400 0.91000 67464.00000
400 0.86000 67532.00000
400 0.88000 67780.00000
400 0.90000 67224.00000
400 0.89000 68152.00000
400 0.89000 68944.00000
400 0.95000 68328.00000
400 0.91000 67708.00000
400 0.87000 68552.00000
400 0.92000 67092.00000
400 0.90000 68360.00000
400 0.95000 67340.00000
400 0.91000 67676.00000
400 0.90000 67788.00000
400 0.90000 67488.00000
400 0.91000 67224.00000
400 0.89000 67880.00000
400 0.90000 67116.00000
410 0.93000 71412.00000
410 0.96000 69368.00000
410 0.94000 70668.00000
410 0.96000 70660.00000
410 0.95000 70156.00000
410 0.94000 69760.00000
410 0.95000 70448.00000
410 0.95000 69028.00000
410 0.96000 69696.00000
410 0.94000 69708.00000
410 0.95000 69920.00000
410 0.94000 69252.00000
410 0.95000 70156.00000
410 0.95000 70096.00000
410 0.96000 69824.00000
410 0.95000 68736.00000
410 0.95000 69784.00000
410 0.94000 69188.00000
420 1.00000 71236.00000
420 0.95000 71080.00000
420 1.00000 70568.00000
420 0.99000 71168.00000
420 1.03000 72272.00000
420 0.99000 71120.00000
420 1.00000 72100.00000
420 1.02000 73012.00000
420 1.01000 70500.00000
420 0.98000 70860.00000
420 0.97000 70932.00000
420 0.98000 70720.00000
420 1.04000 70984.00000
420 0.98000 71776.00000
420 0.95000 71848.00000
420 0.98000 71520.00000
420 0.97000 72288.00000
420 1.05000 70996.00000
430 1.04000 72636.00000
430 1.03000 72156.00000
430 1.02000 72740.00000
430 1.03000 72204.00000
430 1.02000 73008.00000
430 1.02000 73084.00000
430 1.04000 73692.00000
430 1.02000 71600.00000
430 1.04000 72448.00000
430 1.03000 73332.00000
430 1.03000 74656.00000
430 1.03000 74236.00000
430 1.05000 72664.00000
430 1.06000 73052.00000
430 1.04000 72872.00000
430 1.05000 73860.00000
430 1.02000 72504.00000
430 1.02000 71800.00000
440 1.06000 74780.00000
440 1.05000 74744.00000
440 1.09000 74376.00000
440 1.03000 73200.00000
440 1.05000 74792.00000
440 1.09000 75088.00000
440 1.05000 74308.00000
440 1.03000 74032.00000
440 1.06000 75336.00000
440 1.07000 75048.00000
440 1.06000 73676.00000
440 1.05000 75140.00000
440 1.05000 74688.00000
440 1.06000 75084.00000
440 1.05000 73804.00000
440 1.06000 74220.00000
440 1.06000 74572.00000
440 1.05000 74808.00000
450 1.10000 77224.00000
450 1.08000 76216.00000
450 1.09000 76068.00000
450 1.08000 77216.00000
450 1.13000 75892.00000
450 1.12000 75208.00000
450 1.13000 75744.00000
450 1.13000 77780.00000
450 1.09000 76436.00000
450 1.09000 76340.00000
450 1.12000 75944.00000
450 1.11000 76428.00000
450 1.13000 76548.00000
450 1.05000 76900.00000
450 1.15000 77008.00000
450 1.09000 76788.00000
450 1.10000 77224.00000
450 1.07000 75680.00000
460 1.15000 78540.00000
460 1.11000 77288.00000
460 1.15000 78328.00000
460 1.15000 79044.00000
460 1.14000 77588.00000
460 1.14000 78340.00000
460 1.14000 78280.00000
460 1.15000 78112.00000
460 1.13000 78164.00000
460 1.14000 79124.00000
460 1.14000 78908.00000
460 1.13000 77480.00000
460 1.17000 79344.00000
460 1.16000 77344.00000
460 1.16000 79316.00000
460 1.13000 77284.00000
460 1.15000 79544.00000
460 1.16000 79300.00000
470 1.20000 79356.00000
470 1.20000 81232.00000
470 1.20000 82060.00000
470 1.19000 81064.00000
470 1.19000 79808.00000
470 1.20000 81548.00000
470 1.19000 80252.00000
470 1.14000 79672.00000
470 1.19000 80272.00000
470 1.18000 80800.00000
470 1.18000 78740.00000
470 1.18000 80972.00000
470 1.20000 79240.00000
470 1.21000 80372.00000
470 1.19000 78736.00000
470 1.18000 78920.00000
470 1.20000 80632.00000
470 1.20000 79204.00000
480 1.22000 82888.00000
480 1.23000 82636.00000
480 1.27000 83172.00000
480 1.27000 83676.00000
480 1.26000 82152.00000
480 1.27000 81928.00000
480 1.23000 81164.00000
480 1.27000 82744.00000
480 1.27000 81212.00000
480 1.22000 82464.00000
480 1.27000 81828.00000
480 1.22000 82188.00000
480 1.24000 82116.00000
480 1.26000 82984.00000
480 1.25000 82720.00000
480 1.24000 80584.00000
480 1.25000 82428.00000
480 1.24000 82732.00000
490 1.28000 83720.00000
490 1.28000 83764.00000
490 1.27000 83108.00000
490 1.26000 84984.00000
490 1.27000 84316.00000
490 1.24000 83496.00000
490 1.29000 83756.00000
490 1.29000 84808.00000
490 1.29000 84356.00000
490 1.27000 82860.00000
490 1.28000 84340.00000
490 1.27000 84648.00000
490 1.24000 83060.00000
490 1.23000 83564.00000
490 1.24000 84628.00000
490 1.32000 83032.00000
490 1.31000 85564.00000
490 1.24000 84200.00000
500 1.33000 85996.00000
500 1.32000 86212.00000
500 1.32000 85100.00000
500 1.31000 85912.00000
500 1.32000 86436.00000
500 1.31000 86512.00000
500 1.29000 87232.00000
500 1.30000 86696.00000
500 1.29000 85980.00000
500 1.32000 84544.00000
500 1.31000 85800.00000
500 1.31000 87232.00000
500 1.34000 85176.00000
500 1.33000 87512.00000
500 1.34000 86684.00000
500 1.31000 87240.00000
500 1.31000 87296.00000
500 1.29000 85704.00000
510 1.35000 87624.00000
510 1.42000 87556.00000
510 1.36000 89308.00000
510 1.35000 87220.00000
510 1.34000 87560.00000
510 1.35000 89332.00000
510 1.32000 89208.00000
510 1.35000 88408.00000
510 1.32000 89496.00000
510 1.39000 88064.00000
510 1.34000 87792.00000
510 1.40000 89624.00000
510 1.39000 86876.00000
510 1.40000 87720.00000
510 1.37000 88824.00000
510 1.37000 88332.00000
510 1.32000 86772.00000
510 1.38000 88608.00000
520 1.39000 89764.00000
520 1.44000 90916.00000
520 1.42000 91180.00000
520 1.44000 90876.00000
520 1.43000 90844.00000
520 1.36000 89736.00000
520 1.38000 91828.00000
520 1.41000 89568.00000
520 1.39000 91588.00000
520 1.39000 90740.00000
520 1.38000 91144.00000
520 1.40000 90108.00000
520 1.40000 89040.00000
520 1.41000 89212.00000
520 1.41000 89548.00000
520 1.39000 89568.00000
520 1.40000 91116.00000
520 1.40000 89276.00000
530 1.48000 92764.00000
530 1.47000 93328.00000
530 1.47000 92812.00000
530 1.46000 93576.00000
530 1.45000 92052.00000
530 1.47000 92744.00000
530 1.46000 92276.00000
530 1.44000 93288.00000
530 1.46000 92040.00000
530 1.46000 91260.00000
530 1.43000 94276.00000
530 1.42000 93516.00000
530 1.44000 93248.00000
530 1.46000 94324.00000
530 1.43000 93192.00000
530 1.44000 91392.00000
530 1.45000 89484.00000
530 1.43000 90688.00000
540 1.47000 94488.00000
540 1.55000 93904.00000
540 1.57000 94480.00000
540 1.54000 95432.00000
540 1.52000 95284.00000
540 1.50000 94756.00000
540 1.48000 96388.00000
540 1.53000 94200.00000
540 1.53000 96092.00000
540 1.53000 95216.00000
540 1.52000 94796.00000
540 1.52000 94680.00000
540 1.54000 94816.00000
540 1.53000 94360.00000
540 1.56000 95344.00000
540 1.51000 94344.00000
540 1.62000 95476.00000
540 1.62000 95848.00000
550 1.66000 96068.00000
550 1.53000 96960.00000
550 1.54000 99260.00000
550 1.62000 97688.00000
550 1.58000 96576.00000
550 1.56000 98344.00000
550 1.56000 97456.00000
550 1.59000 97428.00000
550 1.56000 96604.00000
550 1.55000 96108.00000
550 1.59000 99484.00000
550 1.58000 95656.00000
550 1.61000 96364.00000
550 1.61000 96844.00000
550 1.60000 95640.00000
550 1.55000 98908.00000
550 1.60000 97580.00000
550 1.66000 97088.00000
560 1.65000 101720.00000
560 1.60000 100392.00000
560 1.67000 98364.00000
560 1.63000 99488.00000
560 1.62000 97496.00000
560 1.63000 100100.00000
560 1.60000 99600.00000
560 1.63000 100220.00000
560 1.69000 99484.00000
560 1.64000 99072.00000
560 1.61000 99352.00000
560 1.62000 100096.00000
560 1.65000 100068.00000
560 1.61000 98236.00000
560 1.64000 99564.00000
560 1.63000 99388.00000
560 1.63000 99116.00000
560 1.64000 100952.00000
570 1.73000 101664.00000
570 1.69000 101228.00000
570 1.69000 99008.00000
570 1.67000 102308.00000
570 1.65000 102892.00000
570 1.72000 102100.00000
570 1.71000 104364.00000
570 1.66000 101220.00000
570 1.67000 100080.00000
570 1.66000 100264.00000
570 1.68000 101256.00000
570 1.68000 101884.00000
570 1.67000 103064.00000
570 1.66000 102500.00000
570 1.66000 102292.00000
570 1.67000 100952.00000
570 1.71000 100248.00000
570 1.66000 102508.00000
580 1.75000 102740.00000
580 1.70000 102184.00000
580 1.75000 102688.00000
580 1.72000 104240.00000
580 1.74000 102992.00000
580 1.72000 102440.00000
580 1.66000 104500.00000
580 1.82000 102728.00000
580 1.74000 104256.00000
580 1.84000 103684.00000
580 1.72000 103292.00000
580 1.67000 104472.00000
580 1.70000 103612.00000
580 1.73000 103188.00000
580 1.71000 101828.00000
580 1.70000 102572.00000
580 1.72000 103192.00000
580 1.72000 103388.00000
590 1.81000 104880.00000
590 1.72000 104984.00000
590 1.79000 106412.00000
590 1.77000 105288.00000
590 1.74000 107748.00000
590 1.78000 105104.00000
590 1.78000 106252.00000
590 1.72000 105800.00000
590 1.76000 107200.00000
590 1.77000 108004.00000
590 1.75000 106880.00000
590 1.76000 107748.00000
590 1.76000 104840.00000
590 1.78000 106308.00000
590 1.77000 105904.00000
590 1.76000 108568.00000
590 1.78000 105240.00000
590 1.78000 105536.00000
600 1.90000 107848.00000
600 1.78000 108836.00000
600 1.79000 109220.00000
600 1.82000 108788.00000
600 1.89000 107508.00000
600 1.80000 108236.00000
600 1.79000 112832.00000
600 1.84000 109008.00000
600 1.77000 108796.00000
600 1.82000 109528.00000
600 1.81000 108996.00000
600 1.82000 109004.00000
600 1.79000 107804.00000
600 1.87000 109508.00000
600 1.82000 108536.00000
600 1.76000 108688.00000
600 1.81000 109224.00000
600 1.85000 110268.00000
610 1.88000 109864.00000
610 1.87000 112860.00000
610 1.92000 111932.00000
610 1.89000 111396.00000
610 1.88000 109480.00000
610 1.86000 110388.00000
610 1.85000 112724.00000
610 1.85000 108948.00000
610 1.92000 111180.00000
610 1.86000 109600.00000
610 1.86000 110664.00000
610 1.87000 113724.00000
610 1.95000 111172.00000
610 1.87000 110360.00000
610 1.91000 111192.00000
610 1.87000 112696.00000
610 1.91000 112000.00000
610 1.88000 111792.00000
620 1.95000 113940.00000
620 1.95000 113064.00000
620 1.96000 113832.00000
620 1.95000 111980.00000
620 1.95000 113532.00000
620 1.91000 112420.00000
620 1.94000 112916.00000
620 2.01000 110888.00000
620 1.92000 113984.00000
620 1.96000 115016.00000
620 1.93000 114460.00000
620 1.90000 113716.00000
620 1.93000 114548.00000
620 1.93000 116344.00000
620 1.94000 113680.00000
620 1.91000 115208.00000
620 1.95000 112564.00000
620 1.92000 114704.00000
630 2.00000 114424.00000
630 2.01000 114088.00000
630 2.00000 115864.00000
630 2.00000 117324.00000
630 1.98000 117616.00000
630 1.97000 114840.00000
630 1.94000 114584.00000
630 2.03000 118120.00000
630 1.96000 115388.00000
630 2.03000 114244.00000
630 1.97000 114884.00000
630 1.96000 114544.00000
630 1.94000 116896.00000
630 2.02000 115648.00000
630 2.01000 116236.00000
630 1.98000 115060.00000
630 2.02000 113964.00000
630 1.98000 117144.00000
640 2.15000 118812.00000
640 2.08000 118320.00000
640 2.16000 120024.00000
640 2.09000 118020.00000
640 2.09000 118128.00000
640 2.10000 118868.00000
640 2.09000 118848.00000
640 2.16000 118652.00000
640 2.08000 118260.00000
640 2.08000 118496.00000
640 2.09000 120376.00000
640 2.08000 120084.00000
640 2.10000 119484.00000
640 2.19000 118588.00000
640 2.14000 118340.00000
640 2.11000 117324.00000
640 2.11000 118064.00000
640 2.08000 120588.00000
650 2.19000 122348.00000
650 2.08000 118764.00000
650 2.13000 122544.00000
650 2.13000 119876.00000
650 2.15000 122256.00000
650 2.14000 121276.00000
650 2.16000 121396.00000
650 2.16000 120472.00000
650 2.17000 119872.00000
650 2.16000 119532.00000
650 2.15000 119844.00000
650 2.16000 119648.00000
650 2.13000 122620.00000
650 2.21000 119724.00000
650 2.18000 121408.00000
650 2.17000 121504.00000
650 2.19000 122580.00000
650 2.16000 122020.00000
660 2.24000 124548.00000
660 2.26000 125308.00000
660 2.24000 122904.00000
660 2.25000 123664.00000
660 2.21000 125308.00000
660 2.23000 126992.00000
660 2.22000 125492.00000
660 2.23000 124016.00000
660 2.21000 124812.00000
660 2.20000 124564.00000
660 2.21000 125604.00000
660 2.18000 124252.00000
660 2.15000 122496.00000
660 2.19000 122976.00000
660 2.18000 122688.00000
660 2.19000 122644.00000
660 2.21000 120948.00000
660 2.21000 124992.00000
670 2.30000 126520.00000
670 2.27000 126968.00000
670 2.28000 124492.00000
670 2.33000 122688.00000
670 2.27000 128576.00000
670 2.37000 128104.00000
670 2.30000 125920.00000
670 2.30000 126376.00000
670 2.24000 125660.00000
670 2.27000 125496.00000
670 2.24000 127228.00000
670 2.25000 125680.00000
670 2.37000 126204.00000
670 2.26000 127236.00000
670 2.27000 127444.00000
670 2.27000 127296.00000
670 2.26000 126816.00000
670 2.30000 128536.00000
680 2.32000 128880.00000
680 2.31000 126644.00000
680 2.40000 128944.00000
680 2.35000 128660.00000
680 2.28000 127344.00000
680 2.34000 128464.00000
680 2.38000 128184.00000
680 2.40000 132032.00000
680 2.35000 130180.00000
680 2.29000 131416.00000
680 2.31000 132200.00000
680 2.32000 128932.00000
680 2.31000 132776.00000
680 2.30000 127408.00000
680 2.32000 128212.00000
680 2.38000 129596.00000
680 2.31000 130732.00000
680 2.30000 127984.00000
690 2.35000 133360.00000
690 2.38000 132472.00000
690 2.40000 136004.00000
690 2.38000 132928.00000
690 2.42000 131668.00000
690 2.39000 131372.00000
690 2.31000 131896.00000
690 2.38000 133904.00000
690 2.42000 131796.00000
690 2.43000 133696.00000
690 2.38000 133188.00000
690 2.37000 133924.00000
690 2.47000 131420.00000
690 2.48000 131904.00000
690 2.51000 132204.00000
690 2.36000 132772.00000
690 2.32000 133752.00000
690 2.46000 132644.00000
700 2.47000 135764.00000
700 2.44000 134192.00000
700 2.46000 136392.00000
700 2.46000 133796.00000
700 2.45000 136720.00000
700 2.45000 134376.00000
700 2.39000 137140.00000
700 2.46000 135644.00000
700 2.45000 135888.00000
700 2.46000 136432.00000
700 2.36000 134936.00000
700 2.38000 135208.00000
700 2.49000 136488.00000
700 2.48000 135888.00000
700 2.46000 135148.00000
700 2.48000 135188.00000
700 2.48000 134832.00000
700 2.43000 134912.00000
710 2.47000 139948.00000
710 2.55000 141088.00000
710 2.51000 138924.00000
710 2.49000 138696.00000
710 2.48000 136852.00000
710 2.45000 136404.00000
710 2.49000 137140.00000
710 2.48000 139048.00000
710 2.52000 140028.00000
710 2.52000 138340.00000
710 2.48000 140012.00000
710 2.46000 136428.00000
710 2.49000 137680.00000
710 2.51000 134872.00000
710 2.49000 135992.00000
710 2.50000 141596.00000
710 2.49000 140460.00000
710 2.49000 136608.00000
720 2.62000 142428.00000
720 2.61000 142076.00000
720 2.63000 140044.00000
720 2.57000 139176.00000
720 2.61000 138448.00000
720 2.59000 139780.00000
720 2.66000 142128.00000
720 2.55000 138352.00000
720 2.61000 142008.00000
720 2.63000 143132.00000
720 2.63000 141716.00000
720 2.62000 138792.00000
720 2.61000 140136.00000
720 2.59000 140952.00000
720 2.61000 143428.00000
720 2.62000 140196.00000
720 2.60000 143180.00000
720 2.68000 140428.00000
730 2.72000 143488.00000
730 2.72000 145952.00000
730 2.67000 145136.00000
730 2.68000 147484.00000
730 2.77000 145736.00000
730 2.65000 142888.00000
730 2.78000 142720.00000
730 2.70000 141636.00000
730 2.69000 143784.00000
730 2.65000 143176.00000
730 2.66000 144220.00000
730 2.68000 145592.00000
730 2.69000 144612.00000
730 2.68000 143296.00000
730 2.68000 145148.00000
730 2.61000 145180.00000
730 2.69000 143344.00000
730 2.67000 145644.00000
740 2.77000 146472.00000
740 2.68000 148668.00000
740 2.78000 146112.00000
740 2.72000 147228.00000
740 2.75000 146308.00000
740 2.73000 147404.00000
740 2.71000 150576.00000
740 2.69000 144828.00000
740 2.73000 146624.00000
740 2.77000 149232.00000
740 2.75000 148444.00000
740 2.75000 148172.00000
740 2.75000 148040.00000
740 2.72000 146664.00000
740 2.78000 148712.00000
740 2.73000 146376.00000
740 2.77000 149348.00000
740 2.81000 147744.00000
750 2.82000 148800.00000
750 2.84000 154716.00000
750 2.83000 148764.00000
750 2.82000 151356.00000
750 2.84000 149736.00000
750 2.80000 148728.00000
750 2.79000 151512.00000
750 2.85000 149856.00000
750 2.77000 146100.00000
750 2.78000 150468.00000
750 2.85000 153944.00000
750 2.76000 150964.00000
750 2.86000 149220.00000
750 2.80000 150704.00000
750 2.80000 148820.00000
750 2.78000 151608.00000
750 2.79000 150928.00000
750 2.78000 151908.00000
760 2.85000 153460.00000
760 2.88000 153736.00000
760 2.86000 154156.00000
760 2.90000 152492.00000
760 2.88000 153916.00000
760 2.87000 150056.00000
760 2.79000 151844.00000
760 2.87000 154320.00000
760 2.88000 153916.00000
760 2.86000 149508.00000
760 2.88000 155300.00000
760 2.84000 156360.00000
760 2.84000 152200.00000
760 2.93000 152584.00000
760 2.88000 154144.00000
760 2.88000 153156.00000
760 2.94000 150836.00000
760 2.82000 153384.00000
770 3.00000 153584.00000
770 2.99000 155120.00000
770 2.97000 154200.00000
770 2.97000 158028.00000
770 2.96000 157816.00000
770 2.97000 156284.00000
770 2.97000 156920.00000
770 2.88000 152532.00000
770 2.92000 156432.00000
770 3.02000 154360.00000
770 2.92000 156816.00000
770 2.94000 157116.00000
770 2.94000 155420.00000
770 2.90000 155860.00000
770 2.93000 153020.00000
770 2.93000 153356.00000
770 3.05000 156136.00000
770 2.94000 157908.00000
780 3.00000 160084.00000
780 2.97000 160076.00000
780 3.01000 162844.00000
780 3.13000 159052.00000
780 3.01000 159168.00000
780 2.95000 161128.00000
780 3.01000 162156.00000
780 3.08000 161952.00000
780 2.96000 159948.00000
780 3.05000 161000.00000
780 3.04000 166896.00000
780 3.03000 159140.00000
780 2.99000 161380.00000
780 3.02000 160288.00000
780 2.95000 160312.00000
780 3.05000 159200.00000
780 3.01000 157916.00000
780 3.00000 158928.00000
790 3.08000 161336.00000
790 3.02000 156860.00000
790 3.09000 162952.00000
790 3.09000 162512.00000
790 3.08000 165612.00000
790 3.08000 163664.00000
790 3.05000 163348.00000
790 3.06000 164668.00000
790 3.11000 161600.00000
790 3.04000 163008.00000
790 3.04000 162604.00000
790 3.09000 162408.00000
790 3.08000 164264.00000
790 3.14000 161660.00000
790 3.02000 161408.00000
790 3.11000 163468.00000
790 3.01000 160072.00000
790 3.09000 164404.00000
800 3.14000 165912.00000
800 3.14000 165064.00000
800 3.15000 167784.00000
800 3.15000 168188.00000
800 3.13000 164028.00000
800 3.16000 169192.00000
800 3.18000 170088.00000
800 3.14000 171612.00000
800 3.14000 166060.00000
800 3.10000 169336.00000
800 3.05000 166300.00000
800 3.11000 164564.00000
800 3.12000 165504.00000
800 3.10000 166316.00000
800 3.15000 158668.00000
800 3.15000 162736.00000
800 3.16000 166504.00000
800 3.15000 165576.00000
810 3.26000 167840.00000
810 3.23000 168484.00000
810 3.25000 168116.00000
810 3.26000 172048.00000
810 3.26000 172248.00000
810 3.29000 171864.00000
810 3.38000 173240.00000
810 3.21000 168728.00000
810 3.37000 168768.00000
810 3.21000 168844.00000
810 3.39000 171860.00000
810 3.38000 171312.00000
810 3.28000 168564.00000
810 3.29000 171960.00000
810 3.27000 167136.00000
810 3.28000 171448.00000
810 3.26000 170568.00000
810 3.29000 170828.00000
820 3.36000 173848.00000
820 3.35000 173320.00000
820 3.33000 171524.00000
820 3.33000 172980.00000
820 3.35000 172828.00000
820 3.34000 169820.00000
820 3.45000 173576.00000
820 3.24000 172380.00000
820 3.32000 168960.00000
820 3.41000 173420.00000
820 3.38000 175156.00000
820 3.36000 175964.00000
820 3.36000 169316.00000
820 3.36000 172664.00000
820 3.36000 174112.00000
820 3.40000 170616.00000
820 3.34000 171152.00000
820 3.46000 174676.00000
830 3.34000 177232.00000
830 3.44000 176592.00000
830 3.44000 176872.00000
830 3.45000 177800.00000
830 3.41000 175352.00000
830 3.41000 173396.00000
830 3.43000 176284.00000
830 3.44000 176376.00000
830 3.44000 174820.00000
830 3.44000 179316.00000
830 3.43000 176912.00000
830 3.44000 177448.00000
830 3.50000 177964.00000
830 3.47000 173224.00000
830 3.44000 177148.00000
830 3.50000 176628.00000
830 3.39000 175084.00000
830 3.47000 176132.00000
840 3.51000 179740.00000
840 3.46000 178400.00000
840 3.50000 180932.00000
840 3.47000 179700.00000
840 3.52000 180748.00000
840 3.49000 177740.00000
840 3.55000 177844.00000
840 3.42000 180952.00000
840 3.54000 178620.00000
840 3.51000 180240.00000
840 3.52000 178740.00000
840 3.50000 177408.00000
840 3.57000 180560.00000
840 3.43000 181092.00000
840 3.56000 179972.00000
840 3.56000 177980.00000
840 3.54000 181164.00000
840 3.47000 179428.00000
850 3.65000 184552.00000
850 3.63000 183528.00000
850 3.55000 181420.00000
850 3.60000 185792.00000
850 3.53000 181504.00000
850 3.60000 182112.00000
850 3.56000 185352.00000
850 3.59000 183540.00000
850 3.54000 184668.00000
850 3.55000 180132.00000
850 3.58000 181544.00000
850 3.58000 186100.00000
850 3.61000 184472.00000
850 3.60000 185220.00000
850 3.60000 183852.00000
850 3.58000 183720.00000
850 3.57000 183704.00000
850 3.66000 184004.00000
860 3.57000 183348.00000
860 3.66000 182860.00000
860 3.63000 187048.00000
860 3.63000 189052.00000
860 3.65000 188696.00000
860 3.64000 190852.00000
860 3.64000 184684.00000
860 3.59000 183956.00000
860 3.68000 189304.00000
860 3.75000 186032.00000
860 3.58000 185132.00000
860 3.80000 188508.00000
860 3.65000 188560.00000
860 3.58000 187612.00000
860 3.66000 186308.00000
860 3.67000 186588.00000
860 3.57000 186980.00000
860 3.80000 183836.00000
870 3.75000 187708.00000
870 3.74000 192300.00000
870 3.71000 191572.00000
870 3.78000 189476.00000
870 3.70000 192816.00000
870 3.76000 187252.00000
870 3.72000 189304.00000
870 3.65000 191580.00000
870 3.80000 191880.00000
870 3.79000 190160.00000
870 3.75000 186488.00000
870 3.67000 193308.00000
870 3.73000 188040.00000
870 3.63000 189076.00000
870 3.73000 189220.00000
870 3.73000 190168.00000
870 3.71000 191736.00000
870 3.72000 188252.00000
880 3.84000 196392.00000
880 3.81000 197716.00000
880 3.80000 194416.00000
880 3.79000 191864.00000
880 3.80000 197028.00000
880 3.68000 191756.00000
880 3.76000 196880.00000
880 3.82000 192540.00000
880 3.74000 193336.00000
880 3.81000 196960.00000
880 3.74000 191076.00000
880 3.81000 196904.00000
880 3.83000 196452.00000
880 3.81000 192136.00000
880 3.79000 195864.00000
880 3.76000 193392.00000
880 3.82000 191424.00000
880 3.80000 191524.00000
890 3.92000 197888.00000
890 3.85000 196692.00000
890 3.87000 195968.00000
890 3.89000 196672.00000
890 3.88000 198440.00000
890 3.80000 199128.00000
890 3.87000 196860.00000
890 3.89000 197416.00000
890 3.88000 202784.00000
890 3.88000 202760.00000
890 3.84000 203212.00000
890 3.86000 201428.00000
890 3.85000 199588.00000
890 3.86000 202580.00000
890 3.82000 198924.00000
890 3.90000 194948.00000
890 3.89000 198960.00000
890 3.88000 198632.00000
900 4.01000 203344.00000
900 3.94000 201752.00000
900 4.01000 201496.00000
900 3.84000 199896.00000
900 3.88000 197624.00000
900 3.89000 200836.00000
900 3.97000 205876.00000
900 3.91000 200756.00000
900 3.89000 199944.00000
900 3.97000 200376.00000
900 3.84000 201276.00000
900 3.96000 201484.00000
900 3.88000 199496.00000
900 3.93000 201508.00000
900 3.97000 198856.00000
900 3.95000 201680.00000
900 3.93000 202976.00000
900 3.90000 202540.00000
910 3.95000 206040.00000
910 3.98000 204020.00000
910 4.05000 204544.00000
910 4.03000 207112.00000
910 4.04000 209844.00000
910 3.93000 201968.00000
910 4.06000 200644.00000
910 4.01000 202924.00000
910 4.04000 205468.00000
910 4.08000 206100.00000
910 4.06000 204656.00000
910 4.03000 207388.00000
910 4.08000 207368.00000
910 4.06000 206868.00000
910 4.07000 202056.00000
910 4.06000 204084.00000
910 4.02000 203196.00000
910 4.04000 208252.00000
920 4.18000 210756.00000
920 4.23000 209136.00000
920 4.25000 210032.00000
920 4.16000 205176.00000
920 4.24000 211408.00000
920 4.19000 207376.00000
920 4.08000 209756.00000
920 4.18000 211260.00000
920 4.12000 209160.00000
920 4.21000 210152.00000
920 4.29000 211644.00000
920 4.11000 209664.00000
920 4.21000 205236.00000
920 4.11000 206792.00000
920 4.19000 210040.00000
920 4.16000 206816.00000
920 4.20000 210992.00000
920 4.21000 207120.00000
930 4.25000 212692.00000
930 4.16000 213640.00000
930 4.28000 213152.00000
930 4.26000 212984.00000
930 4.27000 215980.00000
930 4.22000 210572.00000
930 4.28000 216592.00000
930 4.24000 213692.00000
930 4.29000 218000.00000
930 4.28000 211188.00000
930 4.26000 210340.00000
930 4.21000 210484.00000
930 4.24000 216268.00000
930 4.33000 211148.00000
930 4.25000 218896.00000
930 4.25000 211280.00000
930 4.24000 209872.00000
930 4.26000 212488.00000
940 4.35000 217528.00000
940 4.34000 220072.00000
940 4.41000 219760.00000
940 4.33000 214248.00000
940 4.35000 213920.00000
940 4.41000 214112.00000
940 4.26000 216768.00000
940 4.45000 223508.00000
940 4.34000 218100.00000
940 4.34000 214416.00000
940 4.42000 214908.00000
940 4.34000 216280.00000
940 4.43000 216460.00000
940 4.50000 218064.00000
940 4.31000 211924.00000
940 4.43000 216028.00000
940 4.34000 215984.00000
940 4.39000 223896.00000
950 4.60000 222544.00000
950 4.69000 223692.00000
950 4.46000 220436.00000
950 4.41000 215300.00000
950 4.39000 221492.00000
950 4.52000 218208.00000
950 4.55000 222624.00000
950 4.44000 220772.00000
950 4.54000 215700.00000
950 4.52000 220312.00000
950 4.53000 220856.00000
950 4.53000 222560.00000
950 4.52000 219536.00000
950 4.39000 221800.00000
950 4.57000 221420.00000
950 4.55000 224228.00000
950 4.37000 219016.00000
950 4.52000 221292.00000
960 4.57000 223376.00000
960 4.54000 226968.00000
960 4.54000 221968.00000
960 4.60000 229748.00000
960 4.59000 223096.00000
960 4.57000 221004.00000
960 4.57000 226508.00000
960 4.55000 222028.00000
960 4.54000 222404.00000
960 4.62000 225640.00000
960 4.53000 220160.00000
960 4.54000 222628.00000
960 4.60000 224896.00000
960 4.59000 227892.00000
960 4.58000 224524.00000
960 4.57000 224884.00000
960 4.60000 225684.00000
960 4.54000 223844.00000
970 4.62000 229028.00000
970 4.62000 229940.00000
970 4.61000 227952.00000
970 4.63000 226492.00000
970 4.70000 228008.00000
970 4.61000 225776.00000
970 4.74000 226924.00000
970 4.60000 225632.00000
970 4.61000 228732.00000
970 4.60000 234088.00000
970 4.60000 225352.00000
970 4.58000 226416.00000
970 4.57000 229156.00000
970 4.58000 230736.00000
970 4.57000 228676.00000
970 4.53000 231436.00000
970 4.51000 227396.00000
970 4.63000 226744.00000
980 4.71000 229956.00000
980 4.70000 234808.00000
980 4.70000 233680.00000
980 4.57000 233180.00000
980 4.69000 233796.00000
980 4.71000 230968.00000
980 4.70000 229464.00000
980 4.66000 227284.00000
980 4.65000 228928.00000
980 4.69000 231192.00000
980 4.60000 229196.00000
980 4.68000 232936.00000
980 4.68000 234612.00000
980 4.67000 233248.00000
980 4.66000 232696.00000
980 4.59000 228732.00000
980 4.65000 231980.00000
980 4.75000 236816.00000
990 4.77000 238484.00000
990 4.70000 238360.00000
990 4.80000 238656.00000
990 4.79000 236340.00000
990 4.75000 242744.00000
990 4.73000 236124.00000
990 4.84000 234980.00000
990 4.68000 236804.00000
990 4.80000 241984.00000
990 4.75000 234984.00000
990 4.83000 238160.00000
990 4.77000 237332.00000
990 4.82000 234988.00000
990 4.69000 239888.00000
990 4.65000 237820.00000
990 4.76000 241468.00000
990 4.78000 235752.00000
990 4.79000 237188.00000
1000 4.91000 241840.00000
1000 4.92000 240016.00000
1000 4.90000 243656.00000
1000 4.84000 237876.00000
1000 4.77000 241704.00000
1000 4.80000 240440.00000
1000 4.76000 239472.00000
1000 4.77000 241572.00000
1000 4.88000 243356.00000
1000 4.93000 248136.00000
1000 4.85000 240412.00000
1000 4.81000 242020.00000
1000 4.85000 239740.00000
1000 4.79000 238048.00000
1000 4.85000 238396.00000
1000 4.82000 241164.00000
1000 4.83000 243784.00000
1000 4.83000 245000.00000
